Rio de Janeiro  (742,608), (742,658), (742,558), (792,608), (792,658), (792,558), (692,608), (692,658), (692,558)
Mid Peru  (53,357), (53,407), (53,307), (103,357), (103,407), (103,307), (3,357), (3,407), (3,307)
Mid Brazil4  (380,202), (380,252), (380,152), (330,202), (330,252), (330,152), (430,202), (430,252), (430,152)
Chile  (165,743), (165,767), (165,693), (115,743), (115,767), (115,693), (215,743), (215,767), (215,693)
SE Brazil  (706,483), (706,433), (706,533), (756,483), (756,433), (756,533), (656,483), (656,433), (656,533)
Vitoria  (818,525), (818,575), (818,475), (868,525), (868,575), (868,475), (768,525), (768,575), (768,475)
W South Atlantic  (826,667), (826,617), (826,717), (876,667), (876,617), (876,717), (776,667), (776,617), (776,717)
N Mid South Atlantic  (977,360), (977,310), (977,410), (927,360), (927,310), (927,410), (1017,360), (1017,310), (1017,410)
NW Bolivia  (234,339), (234,389), (234,289), (284,339), (284,389), (284,289), (184,339), (184,389), (184,289)
Mid Brazil2  (616,308), (616,358), (616,258), (665,308), (665,358), (665,258), (466,308), (466,358), (466,258)
Mid Brazil3  (499,215), (499,265), (499,165), (449,215), (449,265), (449,165), (549,215), (549,265), (549,165)
NW Brazil  (190,66), (190,16), (190,116), (140,66), (140,16), (140,116), (240,66), (240,16), (240,116)
Mid Brazil  (499,300), (499,350), (499,250), (449,300), (449,350), (449,250), (549,300), (549,350), (549,250)
NE Brazil2  (655,212), (655,262), (655,162), (605,212), (605,262), (605,162), (705,212), (705,262), (705,162)
SW Brazil2  (367,284), (367,234), (367,334), (317,284), (317,234), (317,334), (417,284), (417,234), (417,334)
NE North Atlantic  (973,47), (973,97), (973,1), (923,47), (923,97), (923,1), (1013,47), (1013,97), (1013,1)
N Brazil2  (465,43), (465,93), (465,1), (415,93), (415,43), (415,1), (515,43), (515,93), (515,1)
NW North Atlantic  (699,22), (699,72), (699,1), (649,22), (649,72), (649,1), (749,22), (749,72), (749,1)
SE Brazil2  (682,556), (682,506), (682,606), (632,556), (632,506), (632,606), (732,556), (732,506), (732,606)
N North Atlantic  (854,29), (854,79), (854,1), (804,29), (804,79), (804,1), (904,29), (904,79), (904,1)
SE North Atlantic  (972,152), (972,102), (972,202), (922,152), (922,102), (922,202), (1012,152), (1012,102), (1012,202)
Fortaleza  (803,177), (803,127), (803,227), (853,177), (853,127), (853,227), (753,177), (753,127), (753,227)
Mid South Atlantic  (950,459), (950,409), (950,509), (900,459), (900,409), (900,509), (1000,459), (1000,409), (1000,509)
N Paraguay  (453,621), (453,671), (453,571), (403,621), (403,671), (403,571), (503,621), (503,671), (503,571)
Curitiba  (603,644), (603,694), (603,594), (653,644), (653,694), (653,594), (553,644), (553,694), (553,594)
S Mid South Atlantic  (923,560), (923,510), (923,610), (973,560), (973,510), (973,610)
SE South Atlantic  (969,659), (969,609), (969,709), (919,659), (919,609), (919,709), (1009,659), (1009,709), (1009,609)
S South Atlantic  (884,743), (884,767), (884,694), (834,743), (834,767), (834,694), (934,743), (934,767), (934,694)
Brasilia  (702,406), (702,456), (702,356), (752,406), (752,456), (752,356), (652,406), (652,456), (652,356)
N Andes  (144,494), (144,454), (144,554), (194,494), (194,454), (194,554), (94,494), (94,454), (94,554)
Belem  (681,114), (681,164), (681,64), (631,114), (631,164), (631,64), (731,114), (731,164), (731,64)
Natal  (929,222), (929,272), (929,172), (979,222), (979,272), (979,172), (879,222), (879,272), (879,172)
N Brazil  (316,42), (316,92), (316,1), (366,42), (366,92), (366,1), (266,42), (266,92), (266,1)
NE Bolivia  (454,472), (454,422), (454,522), (404,472), (404,422), (404,522), (504,472), (504,422), (504,522)
Rio Branco  (142,297), (142,247), (142,347), (192,297), (192,247), (192,347), (92,297), (92,247), (92,347)
N Bolivia  (362,362), (362,312), (362,412), (412,362), (412,312), (412,412), (312,362), (312,312), (312,412)
Colombia  (50,46), (50,96), (50,1), (1,46), (1,96), (1,1), (100,46), (100,1), (100,96)
S South Pacific Ocean  (48,711), (48,761), (48,661), (98,711), (98,761), (98,661), (1,711), (1,761), (1,661)
SW South Atlantic  (719,728), (719,767), (719,678), (769,728), (769,767), (769,678), (669,728), (669,767), (669,678)
S Brazil  (592,477), (592,427), (592,527), (542,477), (542,427), (542,527), (642,477), (642,427), (642,527)
Salvador  (868,358), (868,308), (868,408), (818,358), (818,308), (818,408), (918,358), (918,308), (918,408)
S Bolivia  (304,506), (304,556), (304,456), (354,506), (354,556), (354,456), (254,506), (254,556), (254,456)
S Paraguay  (438,719), (438,767), (438,669), (488,719), (488,767), (488,669), (388,719), (388,767), (388,669)
N Peru  (32,270), (32,240), (32,340), (82,270), (82,240), (82,340), (1,270), (1,240), (1,340)
Mid Bolivia  (323,436), (323,486), (323,386), (373,436), (373,486), (373,386), (273,436), (273,486), (273,386)
S Andes  (177,637), (177,687), (177,587), (127,637), (127,687), (127,587), (227,637), (227,687), (227,587)
E Brazil  (844,440), (844,490), (844,390), (894,440), (894,490), (894,390), (794,440), (794,490), (794,390)
Porto Velho  (250,269), (250,219), (250,319), (300,269), (300,219), (300,319), (200,269), (200,219), (200,319)
NE Brazil  (775,253), (775,303), (775,203), (725,253), (725,303), (725,203), (825,253), (825,303), (825,203)
N South Atlantic  (998,219), (998,269), (998,169), (948,219), (948,269), (948,169), (1018,219), (1018,269), (1018,169)
Mid South Pacific Ocean  (49,618), (49,668), (49,568), (1,618), (1,668), (1,568), (99,618), (99,668), (99,568)
S Peru  (33,431), (33,481), (33,381), (83,431), (83,481), (83,381), (1,431), (1,481), (1,481)
E Brazil2  (748,329), (748,379), (748,279), (798,329), (798,379), (798,279), (698,329), (698,379), (698,279)
W Brazil  (49,159), (49,209), (49,109), (99,159), (99,109), (99,209), (1,159), (1,209), (1,109)
E Bolivia  (435,542), (435,592), (435,492), (485,542), (485,592), (485,492), (385,542), (385,592), (385,492)
N South Pacific Ocean  (54,529), (54,579), (54,479), (4,529), (4,579), (4,479), (104,479), (104,579), (104,529)
Santarem  (556,142), (556,192), (556,92), (506,142), (506,192), (506,92), (456,142), (456,192), (456,92)
W Brazil2  (155,186), (155,136), (155,236), (205,186), (205,136), (205,236), (105,186), (105,136), (105,236)
Florianopolis  (592,723), (592,767), (592,673), (542,723), (542,767), (542,673), (642,723), (642,767), (642,673)
W Brazil3  (269,175), (269,125), (269,75), (219,175), (219,125), (219,75), (319,175), (319,125), (319,75)
Macelo  (898,288), (898,238), (898,338), (848,288), (848,238), (848,338), (948,288), (948,238), (948,338)
SW Brazil  (469,390), (469,340), (469,440), (419,390), (419,340), (419,440), (519,390), (519,340), (519,440)
Argentina  (310,715), (310,765), (310,665), (360,715), (360,765), (360,665), (260,715), (260,765), (260,665)
Macapa  (583,50), (583,100), (583,1), (533,50), (533,100), (533,1), (483,50), (483,100), (483,1)
S North Atlantic  (805,98), (805,48), (805,148), (855,98), (855,48), (855,148), (755,98), (755,48), (755,148)
Cuiaba  (577,386), (577,336), (577,436), (527,386), (527,336), (527,436), (477,386), (477,336), (477,436)
Manaus  (417,121), (417,171), (417,71), (467,121), (467,171), (467,71), (367,121), (367,171), (367,71)
SE Bolivia  (337,604), (337,654), (337,554), (387,604), (387,654), (387,554), (287,604), (287,654), (287,554)
SW Bolivia  (174,412), (174,462), (174,362), (124,412), (124,462), (124,362), (224,412), (224,462), (224,362)
Campo Grande  (570,559), (570,609), (570,509), (520,559), (520,609), (520,509), (620,559), (620,609), (620,509)